m23 = [1, 2, 3; 2, 3, 4]
m2323 = m23 * m23
